OUTPUT FOR THE FILE WITH PYGRAPHVIZ:


vista% python a2Part2.py
gen     nevals  avg     std     min     max    
0       1000    13.0126 3.04102 7.53218 73.0433
1       548     12.0561 2.52436 7.53218 55.967 
2       518     11.3171 1.61608 6.54182 20.052 
3       578     11.1112 2.48255 5.45855 49.9489
4       582     10.8486 2.59573 6.58156 35.9158
5       588     11.0257 4.19239 3.71321 49.7459
6       524     10.6706 4.75654 3.71321 99.1906
7       526     10.7513 6.4812  3.71321 95.329 
8       545     10.7967 6.58516 3.71321 89.2501
9       558     11.4352 9.33028 3.71321 131.785
10      559     10.4674 6.60489 3.71321 80.139 
11      561     11.0603 9.61057 3.30222 120.123
12      528     11.0837 11.3411 3.30222 169.423
13      549     9.95772 8.43496 3.30222 128.584
14      550     9.92843 11.0576 1       223.117
15      574     10.085  13.6269 1       280.017
16      572     9.61725 9.73025 1       106.323
17      522     8.7549  9.05184 1       109.743
18      550     8.30922 8.72316 1       83.9962
19      593     9.43173 11.4403 1       113.193
20      551     8.35273 10.2906 1       122.891
21      557     7.84828 9.13548 1       90.0164
22      576     9.1414  15.6381 1       336.568
23      576     8.95913 13.2276 0.999998        136.198
24      580     9.69421 17.7887 1               229.8  
25      532     8.93382 15.5562 1               156.667
26      581     10.7483 18.2873 1               178.473
27      554     9.73931 15.8461 0.999998        156.667
28      567     9.08422 14.3332 0.999998        222.637
29      532     9.43926 15.7072 0.999998        157.264
30      531     7.94136 12.9776 0.999998        156.667
31      568     9.26899 14.6151 2.65165e-06     139.556
32      571     8.38236 13.8729 2.65165e-06     192.614
33      559     8.57317 18.0924 2.65165e-06     339.064
34      546     9.78001 22.2002 2.65165e-06     412.715
35      540     8.18452 14.5269 2.65165e-06     156.667
36      534     7.97825 13.7826 2.65165e-06     158.835
37      569     8.42997 14.9433 2.65165e-06     137.321
38      527     7.80725 16.0637 2.65165e-06     192.138
39      546     7.21913 13.2981 2.65165e-06     121.523
40      554     7.37763 19.1242 2.65165e-06     345.561
41      526     7.16033 16.7362 2.65165e-06     177.775
42      556     6.99927 16.0656 2.65165e-06     139.659
43      594     7.28229 16.3631 2.65165e-06     137.321
44      542     6.25215 18.1639 2.65165e-06     325.253
45      551     6.36093 16.7561 2.65165e-06     165.819
46      558     6.30165 16.8597 2.65165e-06     236.943
47      537     6.44534 14.2673 2.65165e-06     141.625
48      552     7.08898 16.9956 2.65165e-06     164.626
49      574     7.20534 18.237  2.65165e-06     188.517
50      585     7.21075 17.1203 2.65165e-06     137.321
51      568     6.62922 14.9253 2.65165e-06     137.321
52      542     6.73106 16.3593 2.65165e-06     196.268
53      516     6.57579 16.2757 2.65165e-06     140.336
54      562     5.29102 13.2725 2.65165e-06     231.723
55      518     6.27075 14.3058 2.65165e-06     137.321
56      517     6.14782 18.1057 2.65165e-06     306.22 
57      548     6.93071 20.1438 2.65165e-06     333.692
58      585     6.83733 23.0045 2.65165e-06     584.639
59      548     6.29773 15.6274 2.65165e-06     202.697
60      509     5.27797 13.4841 2.65165e-06     137.634
61      536     5.71345 12.345  2.65165e-06     112.268
62      565     6.54479 16.7666 2.65165e-06     245.319
63      553     6.86073 14.821  2.65165e-06     139.326
64      533     6.57292 16.4675 2.65165e-06     138.289
65      566     6.1357  13.2107 2.65165e-06     137.321
66      570     6.46569 13.8416 2.65165e-06     139.326
67      526     6.00583 13.6697 2.65165e-06     138.979
68      565     7.20622 23.0049 2.65165e-06     499.856
69      517     6.1231  15.4477 2.65165e-06     137.321
70      509     5.84604 14.1193 2.65165e-06     157.511
71      547     6.28557 15.2392 2.65165e-06     219.44 
72      568     6.53931 14.8876 2.65165e-06     137.321
73      547     6.72902 16.5616 2.65165e-06     210.067
74      539     6.18188 15.1146 2.65165e-06     146.646
75      576     6.41324 14.4949 2.65165e-06     137.321
76      565     6.38105 18.869  2.65165e-06     387.456
77      547     6.28475 15.2679 2.65165e-06     200.407
78      543     6.50225 15.2759 2.65165e-06     139.004
79      523     5.47314 13.0201 2.65165e-06     138.53 
80      578     6.04721 13.5688 2.65165e-06     137.321
81      516     6.27641 17.6587 2.65165e-06     219.922
82      546     6.56375 16.3143 2.65165e-06     153.547
83      498     6.60133 16.3955 2.65165e-06     137.321
84      545     6.45772 16.6567 2.65165e-06     229.378
85      535     6.06232 14.2731 2.65165e-06     137.634
86      552     7.26274 19.1056 2.65165e-06     253.604
87      579     6.24211 13.6692 2.65165e-06     137.321
88      567     6.94932 17.0845 2.65165e-06     301.181
89      540     5.83134 12.5058 2.65165e-06     137.321
90      552     6.00524 14.4454 2.65165e-06     191.966
91      518     6.33356 16.6674 2.65165e-06     201.771
92      537     6.14172 15.2417 2.65165e-06     229.074
93      560     5.79959 13.2025 2.65165e-06     139.326
94      561     5.83986 12.252  2.65165e-06     168.166
95      547     6.97725 18.627  2.65165e-06     221.931
96      576     7.19657 16.2819 2.65165e-06     137.321
97      529     6.93186 17.1572 2.65165e-06     151.782
98      551     7.13874 15.4343 2.65165e-06     137.321
99      546     7.10371 16.0944 2.65165e-06     137.969
100     535     6.87891 15.8114 2.65165e-06     161.628
This is the best equation from this run: add(mul(add(x, sub(mul(x, x), sub(x, 1))), 1), mul(mul(x, mul(x, x)), sub(x, 2)))
This is the RMSE of this equation: (2.651650429788794e-06,)
This equation is represented in 'tree.pdf'











OUTPUT FOR THE FILE WITHOUT PYGRAPHVIZ:


vista% python a2Part2NoGraph.py
gen     nevals  avg     std     min     max   
0       1000    12.8643 2.43911 7.72788 55.967
1       585     11.9441 1.79878 7.53218 27.7815
2       584     11.4828 2.37591 4.32128 35.7496
3       556     11.0121 2.33301 4.32128 29.155 
4       542     10.8126 2.66523 4.32128 34.1601
5       510     10.4887 3.66475 4.32128 44.5291
6       535     10.7754 4.8762  3.71321 65.1387
7       555     10.8993 6.93468 4.11409 131.382
8       542     10.766  8.07463 4.11409 175.036
9       549     10.9147 8.33815 1       121.897
10      557     10.6517 7.39386 3.65238 89.0406
11      560     10.9655 9.88121 1.57123 117.575
12      541     11.2298 11.7285 1       116.705
13      572     11.1968 12.2146 1       138.875
14      534     11.4609 18.2644 1       236.367
15      552     10.6924 13.2416 1       125.133
16      576     11.1291 19.3702 1       442.334
17      614     10.7762 12.4507 1       109.329
18      577     10.7257 14.0181 1       125.458
19      556     10.3164 16.2757 0.999998        347.448
20      559     9.3096  11.908  2.65165e-06     134.829
21      515     9.12272 12.7512 2.65165e-06     134.852
22      551     10.1933 15.626  2.65165e-06     178.577
23      567     11.6648 18.8151 2.65165e-06     232.027
24      559     9.39154 13.1887 2.65165e-06     169.831
25      552     10.7231 17.5032 2.65165e-06     178.025
26      509     9.36664 15.9207 2.65165e-06     144.603
27      549     9.7221  17.6994 2.65165e-06     180.089
28      540     10.7501 19.9459 2.65165e-06     244.445
29      564     10.2604 19.5026 2.65165e-06     201.351
30      558     9.15698 16.5558 2.65165e-06     182.788
31      567     10.3299 19.4241 2.65165e-06     178.299
32      543     10.0395 20.2267 2.65165e-06     178.577
33      554     10.3643 18.4644 2.65165e-06     178.299
34      531     9.9721  21.4044 2.65165e-06     432.088
35      563     10.4118 20.0638 2.65165e-06     205.966
36      562     9.93044 20.1304 2.65165e-06     332.064
37      554     7.82678 12.2534 2.65165e-06     113.478
38      517     8.51963 19.0939 2.65165e-06     229.322
39      548     9.10691 17.0276 2.65165e-06     178.299
40      489     9.10378 18.5948 2.65165e-06     178.299
41      564     10.3555 19.6866 2.65165e-06     231.033
42      591     9.25377 17.2373 2.65165e-06     179.405
43      564     10.5773 21.9853 2.65165e-06     244.302
44      544     8.31829 17.2764 2.65165e-06     178.299
45      527     7.64575 14.7235 2.65165e-06     127.43 
46      569     10.6154 19.7735 2.65165e-06     178.299
47      539     8.61813 17.5881 2.65165e-06     330.769
48      589     10.2318 18.4871 2.65165e-06     186.015
49      556     9.84821 19.9037 2.65165e-06     178.299
50      584     10.3794 20.7868 2.65165e-06     330.769
51      508     8.96928 17.2775 2.65165e-06     178.299
52      513     10.1139 21.2147 2.65165e-06     220.683
53      576     9.34084 16.38   2.65165e-06     163.693
54      505     9.21237 18.152  2.65165e-06     178.299
55      546     8.85141 16.9138 2.65165e-06     178.299
56      538     10.2964 30.0719 2.65165e-06     715.364
57      576     9.19585 17.4029 2.65165e-06     265.898
58      545     8.94873 15.8717 2.65165e-06     178.299
59      545     9.26661 18.8975 2.65165e-06     229.692
60      568     9.94964 19.1155 2.65165e-06     215.951
61      581     10.26   36.0453 2.65165e-06     1047.53
62      543     9.80426 19.8545 2.65165e-06     296.424
63      530     9.40664 20.7335 2.65165e-06     324.515
64      531     8.51383 16.1471 2.65165e-06     178.299
65      583     9.65333 18.6129 2.65165e-06     246.944
66      541     8.5329  18.2516 2.65165e-06     330.769
67      555     8.79686 19.291  2.65165e-06     281.054
68      554     10.0726 18.3007 2.65165e-06     178.299
69      513     9.15736 16.6689 2.65165e-06     140.051
70      532     9.91766 20.8132 2.65165e-06     293.615
71      550     9.60407 19.5731 2.65165e-06     178.299
72      563     10.3779 21.7306 2.65165e-06     257.466
73      549     9.38292 20.1345 2.65165e-06     330.769
74      522     9.72475 19.0872 2.65165e-06     251.396
75      537     8.37689 13.9369 2.65165e-06     131.684
76      520     8.51945 17.1225 2.65165e-06     183.868
77      545     8.95125 24.7522 2.65165e-06     655.23 
78      555     9.63311 17.9582 2.65165e-06     178.299
79      518     9.09446 18.8614 2.65165e-06     178.299
80      530     8.6563  17.5036 2.65165e-06     208.499
81      542     8.53313 16.3821 2.65165e-06     178.299
82      522     10.3233 22.8098 2.65165e-06     330.769
83      529     10.0169 22.5762 2.65165e-06     250.298
84      571     9.13486 15.8113 2.65165e-06     178.299
85      586     10.4413 32.0218 2.65165e-06     784.544
86      627     11.0576 18.5776 2.65165e-06     162.535
87      515     8.71227 17.4993 2.65165e-06     242.783
88      547     9.38981 17.3996 2.65165e-06     178.299
89      524     8.2673  16.3161 2.65165e-06     178.299
90      529     9.13383 18.8335 2.65165e-06     178.577
91      549     8.65932 19.2195 2.65165e-06     248.75 
92      536     8.70536 16.3911 2.65165e-06     178.299
93      532     8.61766 19.5559 2.65165e-06     387.04 
94      571     9.5532  20.3524 2.65165e-06     330.769
95      535     9.31754 17.8468 2.65165e-06     178.299
96      515     8.90827 24.0012 2.65165e-06     568.523
97      545     9.10596 18.2559 2.65165e-06     178.299
98      528     8.99199 19.8145 2.65165e-06     331.038
99      544     8.66712 19.0991 2.65165e-06     330.769
100     570     9.63153 19.6037 2.65165e-06     178.299
This is the best equation from this run: add(mul(mul(sub(1, x), neg(mul(sub(1, x), neg(x)))), x), mul(1, 1))
This is the RMSE of this equation: (2.651650429788794e-06,)

